


Before drop of missing values
                0           1           2  ...           6           7           8
count  768.000000  768.000000  768.000000  ...  768.000000  768.000000  768.000000
mean     3.845052  120.894531   69.105469  ...    0.471876   33.240885    0.348958
std      3.369578   31.972618   19.355807  ...    0.331329   11.760232    0.476951
min      0.000000    0.000000    0.000000  ...    0.078000   21.000000    0.000000
25%      1.000000   99.000000   62.000000  ...    0.243750   24.000000    0.000000
50%      3.000000  117.000000   72.000000  ...    0.372500   29.000000    0.000000
75%      6.000000  140.250000   80.000000  ...    0.626250   41.000000    1.000000
max     17.000000  199.000000  122.000000  ...    2.420000   81.000000    1.000000



After drop of missing values
                0           1           2  ...           6           7           8
count  392.000000  392.000000  392.000000  ...  392.000000  392.000000  392.000000
mean     3.301020  122.627551   70.663265  ...    0.523046   30.864796    0.331633
std      3.211424   30.860781   12.496092  ...    0.345488   10.200777    0.471401
min      0.000000   56.000000   24.000000  ...    0.085000   21.000000    0.000000
25%      1.000000   99.000000   62.000000  ...    0.269750   23.000000    0.000000
50%      2.000000  119.000000   70.000000  ...    0.449500   27.000000    0.000000
75%      5.000000  143.000000   78.000000  ...    0.687000   36.000000    1.000000
max     17.000000  198.000000  110.000000  ...    2.420000   81.000000    1.000000




After replacing missing column values with the mean
                0           1           2  ...           6           7           8
count  768.000000  768.000000  768.000000  ...  768.000000  768.000000  768.000000
mean     3.845052  121.686763   72.405184  ...    0.471876   33.240885    0.348958
std      3.369578   30.435949   12.096346  ...    0.331329   11.760232    0.476951
min      0.000000   44.000000   24.000000  ...    0.078000   21.000000    0.000000
25%      1.000000   99.750000   64.000000  ...    0.243750   24.000000    0.000000
50%      3.000000  117.000000   72.202592  ...    0.372500   29.000000    0.000000
75%      6.000000  140.250000   80.000000  ...    0.626250   41.000000    1.000000
max     17.000000  199.000000  122.000000  ...    2.420000   81.000000    1.000000
