Original data set
          0            1    2       3  ...        6        7        8    9
count   115          112  114     116  ...      114      116      115  117
unique   52          107   50     113  ...      113      116      112    3
top      45  32.46191136   92  18.077  ...  2.19428  24.6033  1698.44    2
freq      7            2    8       2  ...        2        1        4   64

Data set after marking 0 values as NaN
                   0            1    2     3  ...        6     7        8    9
count   116          112  114   116  ...      114   116      115  116
unique   53          107   51   113  ...      113   116      112    3
top      45  27.68877813   92  4.53  ...  2.19428  6.85  1698.44    2
freq      7            2    8     2  ...        2     1        4   64

Data set after dropping rows with 0
     0      1   2     3          4        5      6         7        8   9
count   97     97  97    97         97       97     97        97       97  97
unique  49     93  46    96         97       97     97        97       94   3
top     45  31.25  92  4.53  0.6538048  12.1905  14.11  11.78388  1698.44   2
freq     6      2   7     2          1        1      1         1        4  57

Data set after putting in mean for 0 values
0      1    2      3  ...        6        7        8    9
count   116    112  114    116  ...      114      116      115  116
unique   53    107   51    113  ...      113      116      112    3
top      45  31.25   92  3.226  ...  2.19428  42.7447  1698.44    2
freq      7      2    8      2  ...        2        1        4   64

